0.0
0.0
0.0
0.0
0.0
0.0
0.0
0.0
0.0
0.0
0.0
0.0
0.0
0.0
0.0
0.0
0.0
0.0
0.0
0.0
0.0
0.0
0.0
0.0
0.0
0.0
0.0
0.0
0.0
0.025390852
0.04494931
0
0
0
0
0
0
0.023425285
0.024855478
0
0
0
0
0
0
0
0
0
0
0
0.02430075
0.026294755
0
0
0
0.013856595
0
0.014290125
0
0
0
0.025274351
0
0.019807292
0
0
0
0.04705449
0
0.021534856
0
0
0
0.013599238
0
0
0
0
0
0
0
0
0
0
0
0
0
0
0
0
0
0
0
0
0
0
0
0
0
0
0.013593204
0
0.012767106
0
0
0.024912614
0
0
0
0
0
0
0.014057083
0
0
0
0
0.01463203
0
0
0
0
0
0
0
0
0
0
0
0
0
0
0
0
0
0
0
0
0
0
0
0
0
0
0
0
0
0
0
0
0
0
0
0
0
0
0
0
0
0
0
0
0
0
0
0
