0.0
0.0
0.0
0.0
0.0
0.0
0.0
0.006945964
0
0
0
0
0
0
0
0
0
0
0
0
0
0
0.06613398
0
0
0
0
0
0
0.021111842
0
0
0.0062277997
0
0
0
0
0
0
0
0
0
0
0
0
0
0
0.0104800025
0.010625231
0
0
0.010683336
0
0
0
0
0
0.0103627425
0
0.00975757
0.009937464
0
0
0.012881363
0
0
0
0
0
0
0.032232653
0.011133464
0
0
0
0
0
0
0
0
0.011721462
0
0
0
0
0
0
0
0
0
0.021171147
0
0.011259934
0.021954326
0.011715884
0
0
0
0
0
0
0
0.010740436
0
0
0.022352
0.0065271854
0.010213873
0
0
0
0
0
0
0
0
0
0
0
0
0
0
0
0
0
0
0
0
0
0
0
0
0
0
0
0
0
0
0
0
0
0
0
0
0
0
0
0
0
0
0
0
0
0
0
0
0
0
