0.0
0.0
0.0
0.0
0.0
0.0
0.0
0.0
0.0
0.0
0.0
0.0
0.0
0.0
0.0
0.0
0.0
0.0
0.0
0.0
0.01266259
0
0
0
0
0
0
0
0
0.026125204
0
0
0
0
0
0
0
0
0
0
0.02150364
0.020317595
0
0
0.02711866
0
0
0
0
0
0
0
0
0.027927332
0
0
0
0.025737042
0
0
0.022977244
0.022951713
0
0
0
0.026112175
0.0505819
0
0
0
0
0
0
0
0.11601717
0
0
0
0
0.021462481
0
0
0
0
0
0
0
0
0
0
0
0
0
0
0
0
0
0.014450443
0
0
0
0
0.014316789
0
0.013259602
0
0
0
0
0
0
0
0.04785397
0.026470864
0
0
0
0
0
0
0
0
0
0
0.046413805
0.022420375
0
0
0
0
0
0
0.012720275
0
0
0
0
0
0
0
0.046626642
0
0
0
0
0
0
0
0
0
0
0
0
0
0
0
0
0
0
0
0
0
0
0
0
0
0
0
0
0
0
0
0.018817075
0
0
0
0
0
0
0
0
0
0
0
0
0
0
0
0
0
0
0
0
0
0
0
0
0
0
0
0
0
0
0
0
0
0
0
0
0
0
0
0
0
0
0
0
0
0
0
0
0
0
0
0
0
0
0
0
0
0
0
0
0
0
0
0
0
0
0
0
0
0
0
0
0
0
0
0
0
0
0
0
0
0
0
0
0
0
0
0
0
0
0
0
0
0
0
0
0
0
0
0
0
0
0
0
0
0
0
0
0
0
0
0
0
0
0
0
0
0
0
0
0
0
0
0
0
