0.0
0.0
0.0
0.012964875
0.0146668395
0
0
0
0
0
0
0
0
0
0
0
0
0
0
0
0
0
0
0
0
0.014423386
0
0
0
0
0
0
0
0
0
0
0
0.021505266
0.047683295
0.022299204
0.024418138
0.024710277
0
0
0
0
0
0
0
0.05013083
0.044921603
0.047760952
0.04316923
0
0.022141503
0
0
0
0.012957042
0
0
0
0
0
0
0.026057385
0.046367794
0
0
0.026382111
0
0
0
0
0
0
0
0.022951871
0
0
0
0.024702558
0
0
0
0
0
0
0.048541874
0
0
0
0
0
0
0
0
0
0
0
0
0
0
0
0
0
0
0
0.021665461
0
0.022740029
0
0.06306818
0
0.021901058
0.014608018
0
0
0
0
0
0
0
0
0
0
0
0
0
0
0
0
0
0
0
0
0
0
0
0
0
0
0
0
0
0.013760711
0
0
0
0
0
0
0
0
0
0
0
0
0
0
0
0
0
0
0
0
0
0
0
0
