0.0
0.0
0.0
0.0
0.0
0.0
0.0
0.0
0.0
0.0
0.0
0.0
0.0
0.024109976
0
0
0
0.010704878
0
0
0
0
0.019433614
0.010927677
0
0
0
0
0
0
0.0067575434
0
0.006349589
0
0
0
0
0
0
0.011381428
0
0.0059567755
0
0.010979874
0
0
0
0.01120988
0.021649532
0
0.011381185
0
0.0065144836
0
0
0
0.006525206
0.010010535
17.855291
3.6654954
0
0.3229194
0
0
0
0
0
0
0
0
0
0
0
0
0
0
0.021676248
0
0
0
0.03034965
0.0101180915
0
0
0
0.011103531
0.009911535
0.011536859
0
0
0
0.021889793
0.021107761
0.009392633
0
0
0.010839791
0
0
0
0
0
