0.0
0.0
0.0
0.0
0.0
0.0
0.0
0.0
0.0
0.022761978
0
0.006211648
0.006780954
0.009253199
0
0
0
0
0
0.022209084
0
0
0.011569836
0
0.01088761
0
0.01234419
0
0.0070376694
0
0
0
0
0.0063984534
0
0.006355341
0.006830321
0
0.0067005795
0
0
0
0
0
0
0.010630907
0.011276257
0.011668012
0
0
0.010335156
0
0
0
0
0.20400997
0
0
1.2561533
0.5716026
0
0.048021134
0
0
0
0
0
0
0
0
0
0
0
0
0
0
0
0
0.021474693
0.009787691
0.011017799
0
0.023079569
0.010716087
0.019802177
0
0.024642866
0.009681854
0
0.010388101
0
0
0
0.032171864
0
0.009832833
0
0
0
0
0
0.01067818
